# wavelength	flux	error
4.000000e+03	1.562500e+02	3.125000e+01
4.006006e+03	1.557818e+02	3.115637e+01
4.012012e+03	1.553158e+02	3.106315e+01
4.018018e+03	1.548518e+02	3.097036e+01
4.024024e+03	1.543899e+02	3.087798e+01
4.030030e+03	1.539301e+02	3.078601e+01
4.036036e+03	1.534723e+02	3.069446e+01
4.042042e+03	1.530165e+02	3.060331e+01
4.048048e+03	1.525628e+02	3.051256e+01
4.054054e+03	1.521111e+02	3.042222e+01
4.060060e+03	1.516614e+02	3.033228e+01
4.066066e+03	1.512137e+02	3.024274e+01
4.072072e+03	1.507680e+02	3.015359e+01
4.078078e+03	1.503242e+02	3.006484e+01
4.084084e+03	1.498824e+02	2.997648e+01
4.090090e+03	1.494425e+02	2.988851e+01
4.096096e+03	1.490046e+02	2.980092e+01
4.102102e+03	1.485686e+02	2.971372e+01
4.108108e+03	1.481345e+02	2.962690e+01
4.114114e+03	1.477023e+02	2.954047e+01
4.120120e+03	1.472720e+02	2.945440e+01
4.126126e+03	1.468436e+02	2.936872e+01
4.132132e+03	1.464170e+02	2.928341e+01
4.138138e+03	1.459923e+02	2.919847e+01
4.144144e+03	1.455695e+02	2.911389e+01
4.150150e+03	1.451484e+02	2.902969e+01
4.156156e+03	1.447292e+02	2.894585e+01
4.162162e+03	1.443119e+02	2.886237e+01
4.168168e+03	1.438963e+02	2.877925e+01
4.174174e+03	1.434825e+02	2.869650e+01
4.180180e+03	1.430705e+02	2.861409e+01
4.186186e+03	1.426602e+02	2.853205e+01
4.192192e+03	1.422518e+02	2.845035e+01
4.198198e+03	1.418450e+02	2.836901e+01
4.204204e+03	1.414401e+02	2.828801e+01
4.210210e+03	1.410368e+02	2.820736e+01
4.216216e+03	1.406353e+02	2.812705e+01
4.222222e+03	1.402355e+02	2.804709e+01
4.228228e+03	1.398373e+02	2.796747e+01
4.234234e+03	1.394409e+02	2.788818e+01
4.240240e+03	1.390462e+02	2.780924e+01
4.246246e+03	1.386531e+02	2.773062e+01
4.252252e+03	1.382617e+02	2.765234e+01
4.258258e+03	1.378720e+02	2.757440e+01
4.264264e+03	1.374839e+02	2.749678e+01
4.270270e+03	1.370974e+02	2.741948e+01
4.276276e+03	1.367126e+02	2.734252e+01
4.282282e+03	1.363294e+02	2.726587e+01
4.288288e+03	1.359478e+02	2.718955e+01
4.294294e+03	1.355678e+02	2.711355e+01
4.300300e+03	1.351893e+02	2.703787e+01
4.306306e+03	1.348125e+02	2.696250e+01
4.312312e+03	1.344372e+02	2.688745e+01
4.318318e+03	1.340635e+02	2.681271e+01
4.324324e+03	1.336914e+02	2.673828e+01
4.330330e+03	1.333208e+02	2.666416e+01
4.336336e+03	1.329518e+02	2.659035e+01
4.342342e+03	1.325842e+02	2.651685e+01
4.348348e+03	1.322182e+02	2.644365e+01
4.354354e+03	1.318537e+02	2.637075e+01
4.360360e+03	1.314908e+02	2.629815e+01
4.366366e+03	1.311293e+02	2.622586e+01
4.372372e+03	1.307693e+02	2.615386e+01
4.378378e+03	1.304108e+02	2.608215e+01
4.384384e+03	1.300537e+02	2.601074e+01
4.390390e+03	1.296981e+02	2.593963e+01
4.396396e+03	1.293440e+02	2.586880e+01
4.402402e+03	1.289913e+02	2.579827e+01
4.408408e+03	1.286401e+02	2.572802e+01
4.414414e+03	1.282903e+02	2.565806e+01
4.420420e+03	1.279419e+02	2.558838e+01
4.426426e+03	1.275950e+02	2.551899e+01
4.432432e+03	1.272494e+02	2.544988e+01
4.438438e+03	1.269053e+02	2.538105e+01
4.444444e+03	1.265625e+02	2.531250e+01
4.450450e+03	1.262211e+02	2.524423e+01
4.456456e+03	1.258811e+02	2.517623e+01
4.462462e+03	1.255425e+02	2.510850e+01
4.468468e+03	1.252053e+02	2.504105e+01
4.474474e+03	1.248694e+02	2.497388e+01
4.480480e+03	1.245348e+02	2.490697e+01
4.486486e+03	1.242016e+02	2.484033e+01
4.492492e+03	1.238698e+02	2.477395e+01
4.498498e+03	1.235392e+02	2.470784e+01
4.504505e+03	1.232100e+02	2.464200e+01
4.510511e+03	1.228821e+02	2.457642e+01
4.516517e+03	1.225555e+02	2.451110e+01
4.522523e+03	1.222302e+02	2.444604e+01
4.528529e+03	1.219062e+02	2.438124e+01
4.534535e+03	1.215835e+02	2.431670e+01
4.540541e+03	1.212620e+02	2.425241e+01
4.546547e+03	1.209419e+02	2.418838e+01
4.552553e+03	1.206230e+02	2.412460e+01
4.558559e+03	1.203053e+02	2.406107e+01
4.564565e+03	1.199890e+02	2.399779e+01
4.570571e+03	1.196738e+02	2.393476e+01
4.576577e+03	1.193599e+02	2.387199e+01
4.582583e+03	1.190473e+02	2.380945e+01
4.588589e+03	1.187358e+02	2.374716e+01
4.594595e+03	1.184256e+02	2.368512e+01
4.600601e+03	1.181166e+02	2.362332e+01
4.606607e+03	1.178088e+02	2.356176e+01
4.612613e+03	1.175022e+02	2.350044e+01
4.618619e+03	1.171968e+02	2.343936e+01
4.624625e+03	1.168926e+02	2.337852e+01
4.630631e+03	1.165896e+02	2.331792e+01
4.636637e+03	1.162877e+02	2.325755e+01
4.642643e+03	1.159870e+02	2.319741e+01
4.648649e+03	1.156875e+02	2.313751e+01
4.654655e+03	1.153892e+02	2.307784e+01
4.660661e+03	1.150920e+02	2.301839e+01
4.666667e+03	1.147959e+02	2.295918e+01
4.672673e+03	1.145010e+02	2.290020e+01
4.678679e+03	1.142072e+02	2.284144e+01
4.684685e+03	1.139146e+02	2.278291e+01
4.690691e+03	1.136230e+02	2.272461e+01
4.696697e+03	1.133326e+02	2.266653e+01
4.702703e+03	1.130433e+02	2.260867e+01
4.708709e+03	1.127551e+02	2.255103e+01
4.714715e+03	1.124681e+02	2.249361e+01
4.720721e+03	1.121821e+02	2.243641e+01
4.726727e+03	1.118971e+02	2.237943e+01
4.732733e+03	1.116133e+02	2.232267e+01
4.738739e+03	1.113306e+02	2.226612e+01
4.744745e+03	1.110489e+02	2.220978e+01
4.750751e+03	1.107683e+02	2.215366e+01
4.756757e+03	1.104888e+02	2.209775e+01
4.762763e+03	1.102103e+02	2.204206e+01
4.768769e+03	1.099328e+02	2.198657e+01
4.774775e+03	1.096565e+02	2.193129e+01
4.780781e+03	1.093811e+02	2.187622e+01
4.786787e+03	1.091068e+02	2.182136e+01
4.792793e+03	1.088335e+02	2.176671e+01
4.798799e+03	1.085613e+02	2.171225e+01
4.804805e+03	1.082900e+02	2.165801e+01
4.810811e+03	1.080198e+02	2.160396e+01
4.816817e+03	1.077506e+02	2.155012e+01
4.822823e+03	1.074824e+02	2.149648e+01
4.828829e+03	1.072152e+02	2.144304e+01
4.834835e+03	1.069490e+02	2.138980e+01
4.840841e+03	1.066838e+02	2.133676e+01
4.846847e+03	1.064195e+02	2.128391e+01
4.852853e+03	1.061563e+02	2.123126e+01
4.858859e+03	1.058940e+02	2.117880e+01
4.864865e+03	1.056327e+02	2.112654e+01
4.870871e+03	1.053724e+02	2.107448e+01
4.876877e+03	1.051130e+02	2.102260e+01
4.882883e+03	1.048546e+02	2.097092e+01
4.888889e+03	1.045971e+02	2.091942e+01
4.894895e+03	1.043406e+02	2.086812e+01
4.900901e+03	1.040850e+02	2.081700e+01
4.906907e+03	1.038304e+02	2.076607e+01
4.912913e+03	1.035767e+02	2.071533e+01
4.918919e+03	1.033239e+02	2.066477e+01
4.924925e+03	1.030720e+02	2.061440e+01
4.930931e+03	1.028211e+02	2.056422e+01
4.936937e+03	1.025711e+02	2.051421e+01
4.942943e+03	1.023220e+02	2.046439e+01
4.948949e+03	1.020737e+02	2.041475e+01
4.954955e+03	1.018264e+02	2.036529e+01
4.960961e+03	1.015800e+02	2.031601e+01
4.966967e+03	1.013345e+02	2.026691e+01
4.972973e+03	1.010899e+02	2.021798e+01
4.978979e+03	1.008462e+02	2.016923e+01
4.984985e+03	1.006033e+02	2.012066e+01
4.990991e+03	1.003613e+02	2.007227e+01
4.996997e+03	1.001202e+02	2.002405e+01
5.003003e+03	9.987999e+01	1.997600e+01
5.009009e+03	9.964061e+01	1.992812e+01
5.015015e+03	9.940209e+01	1.988042e+01
5.021021e+03	9.916443e+01	1.983289e+01
5.027027e+03	9.892762e+01	1.978552e+01
5.033033e+03	9.869166e+01	1.973833e+01
5.039039e+03	9.845654e+01	1.969131e+01
5.045045e+03	9.822226e+01	1.964445e+01
5.051051e+03	9.798881e+01	1.959776e+01
5.057057e+03	9.775620e+01	1.955124e+01
5.063063e+03	9.752441e+01	1.950488e+01
5.069069e+03	9.729345e+01	1.945869e+01
5.075075e+03	9.706330e+01	1.941266e+01
5.081081e+03	9.683397e+01	1.936679e+01
5.087087e+03	9.660546e+01	1.932109e+01
5.093093e+03	9.637775e+01	1.927555e+01
5.099099e+03	9.615084e+01	1.923017e+01
5.105105e+03	9.592474e+01	1.918495e+01
5.111111e+03	9.569943e+01	1.913989e+01
5.117117e+03	9.547492e+01	1.909498e+01
5.123123e+03	9.525119e+01	1.905024e+01
5.129129e+03	9.502825e+01	1.900565e+01
5.135135e+03	9.480609e+01	1.896122e+01
5.141141e+03	9.458471e+01	1.891694e+01
5.147147e+03	9.436411e+01	1.887282e+01
5.153153e+03	9.414427e+01	1.882885e+01
5.159159e+03	9.392521e+01	1.878504e+01
5.165165e+03	9.370690e+01	1.874138e+01
5.171171e+03	9.348936e+01	1.869787e+01
5.177177e+03	9.327257e+01	1.865451e+01
5.183183e+03	9.305654e+01	1.861131e+01
5.189189e+03	9.284125e+01	1.856825e+01
5.195195e+03	9.262672e+01	1.852534e+01
5.201201e+03	9.241292e+01	1.848258e+01
5.207207e+03	9.219987e+01	1.843997e+01
5.213213e+03	9.198755e+01	1.839751e+01
5.219219e+03	9.177596e+01	1.835519e+01
5.225225e+03	9.156510e+01	1.831302e+01
5.231231e+03	9.135497e+01	1.827099e+01
5.237237e+03	9.114556e+01	1.822911e+01
5.243243e+03	9.093687e+01	1.818737e+01
5.249249e+03	9.072889e+01	1.814578e+01
5.255255e+03	9.052163e+01	1.810433e+01
5.261261e+03	9.031508e+01	1.806302e+01
5.267267e+03	9.010923e+01	1.802185e+01
5.273273e+03	8.990409e+01	1.798082e+01
5.279279e+03	8.969965e+01	1.793993e+01
5.285285e+03	8.949590e+01	1.789918e+01
5.291291e+03	8.929285e+01	1.785857e+01
5.297297e+03	8.909048e+01	1.781810e+01
5.303303e+03	8.888881e+01	1.777776e+01
5.309309e+03	8.868781e+01	1.773756e+01
5.315315e+03	8.848750e+01	1.769750e+01
5.321321e+03	8.828787e+01	1.765757e+01
5.327327e+03	8.808891e+01	1.761778e+01
5.333333e+03	8.789062e+01	1.757812e+01
5.339339e+03	8.769301e+01	1.753860e+01
5.345345e+03	8.749605e+01	1.749921e+01
5.351351e+03	8.729977e+01	1.745995e+01
5.357357e+03	8.710414e+01	1.742083e+01
5.363363e+03	8.690916e+01	1.738183e+01
5.369369e+03	8.671484e+01	1.734297e+01
5.375375e+03	8.652118e+01	1.730424e+01
5.381381e+03	8.632816e+01	1.726563e+01
5.387387e+03	8.613578e+01	1.722716e+01
5.393393e+03	8.594405e+01	1.718881e+01
5.399399e+03	8.575298e+01	1.715060e+01
5.405405e+03	8.556298e+01	1.711260e+01
5.411411e+03	8.538050e+01	1.707610e+01
5.417417e+03	8.527245e+01	1.705449e+01
5.423423e+03	8.570052e+01	1.714010e+01
5.429429e+03	8.870872e+01	1.774174e+01
5.435435e+03	9.966133e+01	1.993227e+01
5.441441e+03	1.248603e+02	2.497206e+01
5.447447e+03	1.599991e+02	3.199982e+01
5.453453e+03	1.830208e+02	3.660415e+01
5.459459e+03	1.740069e+02	3.480137e+01
5.465465e+03	1.409594e+02	2.819189e+01
5.471471e+03	1.092652e+02	2.185305e+01
5.477477e+03	9.426061e+01	1.885212e+01
5.483483e+03	1.008094e+02	2.016187e+01
5.489489e+03	1.403631e+02	2.807263e+01
5.495495e+03	2.252625e+02	4.505250e+01
5.501502e+03	3.301670e+02	6.603341e+01
5.507508e+03	3.823640e+02	7.647280e+01
5.513514e+03	3.355966e+02	6.711931e+01
5.519520e+03	2.312596e+02	4.625191e+01
5.525526e+03	1.431372e+02	2.862745e+01
5.531532e+03	9.923790e+01	1.984758e+01
5.537538e+03	8.502666e+01	1.700533e+01
5.543544e+03	8.183815e+01	1.636763e+01
5.549550e+03	8.122263e+01	1.624453e+01
5.555556e+03	8.100319e+01	1.620064e+01
5.561562e+03	8.082530e+01	1.616506e+01
5.567568e+03	8.065087e+01	1.613017e+01
5.573574e+03	8.047714e+01	1.609543e+01
5.579580e+03	8.030398e+01	1.606080e+01
5.585586e+03	8.013137e+01	1.602627e+01
5.591592e+03	7.995933e+01	1.599187e+01
5.597598e+03	7.978783e+01	1.595757e+01
5.603604e+03	7.961689e+01	1.592338e+01
5.609610e+03	7.944649e+01	1.588930e+01
5.615616e+03	7.927665e+01	1.585533e+01
5.621622e+03	7.910734e+01	1.582147e+01
5.627628e+03	7.893858e+01	1.578772e+01
5.633634e+03	7.877036e+01	1.575407e+01
5.639640e+03	7.860267e+01	1.572053e+01
5.645646e+03	7.843552e+01	1.568710e+01
5.651652e+03	7.826890e+01	1.565378e+01
5.657658e+03	7.810281e+01	1.562056e+01
5.663664e+03	7.793725e+01	1.558745e+01
5.669670e+03	7.777222e+01	1.555444e+01
5.675676e+03	7.760771e+01	1.552154e+01
5.681682e+03	7.744372e+01	1.548874e+01
5.687688e+03	7.728025e+01	1.545605e+01
5.693694e+03	7.711730e+01	1.542346e+01
5.699700e+03	7.695486e+01	1.539097e+01
5.705706e+03	7.679294e+01	1.535859e+01
5.711712e+03	7.663152e+01	1.532630e+01
5.717718e+03	7.647062e+01	1.529412e+01
5.723724e+03	7.631022e+01	1.526204e+01
5.729730e+03	7.615032e+01	1.523006e+01
5.735736e+03	7.599093e+01	1.519819e+01
5.741742e+03	7.583203e+01	1.516641e+01
5.747748e+03	7.567364e+01	1.513473e+01
5.753754e+03	7.551574e+01	1.510315e+01
5.759760e+03	7.535833e+01	1.507167e+01
5.765766e+03	7.520142e+01	1.504028e+01
5.771772e+03	7.504499e+01	1.500900e+01
5.777778e+03	7.488905e+01	1.497781e+01
5.783784e+03	7.473360e+01	1.494672e+01
5.789790e+03	7.457863e+01	1.491573e+01
5.795796e+03	7.442415e+01	1.488483e+01
5.801802e+03	7.427014e+01	1.485403e+01
5.807808e+03	7.411661e+01	1.482332e+01
5.813814e+03	7.396355e+01	1.479271e+01
5.819820e+03	7.381097e+01	1.476219e+01
5.825826e+03	7.365886e+01	1.473177e+01
5.831832e+03	7.350722e+01	1.470144e+01
5.837838e+03	7.335605e+01	1.467121e+01
5.843844e+03	7.320535e+01	1.464107e+01
5.849850e+03	7.305511e+01	1.461102e+01
5.855856e+03	7.290533e+01	1.458107e+01
5.861862e+03	7.275601e+01	1.455120e+01
5.867868e+03	7.260714e+01	1.452143e+01
5.873874e+03	7.245874e+01	1.449175e+01
5.879880e+03	7.231079e+01	1.446216e+01
5.885886e+03	7.216329e+01	1.443266e+01
5.891892e+03	7.201624e+01	1.440325e+01
5.897898e+03	7.186965e+01	1.437393e+01
5.903904e+03	7.172350e+01	1.434470e+01
5.909910e+03	7.157779e+01	1.431556e+01
5.915916e+03	7.143253e+01	1.428651e+01
5.921922e+03	7.128771e+01	1.425754e+01
5.927928e+03	7.114333e+01	1.422867e+01
5.933934e+03	7.099939e+01	1.419988e+01
5.939940e+03	7.085588e+01	1.417118e+01
5.945946e+03	7.071281e+01	1.414256e+01
5.951952e+03	7.057017e+01	1.411403e+01
5.957958e+03	7.042797e+01	1.408559e+01
5.963964e+03	7.028619e+01	1.405724e+01
5.969970e+03	7.014484e+01	1.402897e+01
5.975976e+03	7.000391e+01	1.400078e+01
5.981982e+03	6.986341e+01	1.397268e+01
5.987988e+03	6.972334e+01	1.394467e+01
5.993994e+03	6.958368e+01	1.391674e+01
6.000000e+03	6.944444e+01	1.388889e+01
6.006006e+03	6.930562e+01	1.386112e+01
6.012012e+03	6.916722e+01	1.383344e+01
6.018018e+03	6.902923e+01	1.380585e+01
6.024024e+03	6.889166e+01	1.377833e+01
6.030030e+03	6.875449e+01	1.375090e+01
6.036036e+03	6.861773e+01	1.372355e+01
6.042042e+03	6.848138e+01	1.369628e+01
6.048048e+03	6.834544e+01	1.366909e+01
6.054054e+03	6.820990e+01	1.364198e+01
6.060060e+03	6.807477e+01	1.361495e+01
6.066066e+03	6.794003e+01	1.358801e+01
6.072072e+03	6.780570e+01	1.356114e+01
6.078078e+03	6.767176e+01	1.353435e+01
6.084084e+03	6.753822e+01	1.350764e+01
6.090090e+03	6.740507e+01	1.348101e+01
6.096096e+03	6.727232e+01	1.345446e+01
6.102102e+03	6.713996e+01	1.342799e+01
6.108108e+03	6.700799e+01	1.340160e+01
6.114114e+03	6.687641e+01	1.337528e+01
6.120120e+03	6.674521e+01	1.334904e+01
6.126126e+03	6.661440e+01	1.332288e+01
6.132132e+03	6.648398e+01	1.329680e+01
6.138138e+03	6.635394e+01	1.327079e+01
6.144144e+03	6.622428e+01	1.324486e+01
6.150150e+03	6.609499e+01	1.321900e+01
6.156156e+03	6.596609e+01	1.319322e+01
6.162162e+03	6.583757e+01	1.316751e+01
6.168168e+03	6.570941e+01	1.314188e+01
6.174174e+03	6.558164e+01	1.311633e+01
6.180180e+03	6.545423e+01	1.309085e+01
6.186186e+03	6.532720e+01	1.306544e+01
6.192192e+03	6.520053e+01	1.304011e+01
6.198198e+03	6.507424e+01	1.301485e+01
6.204204e+03	6.494831e+01	1.298966e+01
6.210210e+03	6.482274e+01	1.296455e+01
6.216216e+03	6.469754e+01	1.293951e+01
6.222222e+03	6.457270e+01	1.291454e+01
6.228228e+03	6.444823e+01	1.288965e+01
6.234234e+03	6.432411e+01	1.286482e+01
6.240240e+03	6.420035e+01	1.284007e+01
6.246246e+03	6.407695e+01	1.281539e+01
6.252252e+03	6.395390e+01	1.279078e+01
6.258258e+03	6.383121e+01	1.276624e+01
6.264264e+03	6.370886e+01	1.274177e+01
6.270270e+03	6.358688e+01	1.271738e+01
6.276276e+03	6.346524e+01	1.269305e+01
6.282282e+03	6.334395e+01	1.266879e+01
6.288288e+03	6.322300e+01	1.264460e+01
6.294294e+03	6.310241e+01	1.262048e+01
6.300300e+03	6.298215e+01	1.259643e+01
6.306306e+03	6.286224e+01	1.257245e+01
6.312312e+03	6.274268e+01	1.254854e+01
6.318318e+03	6.262345e+01	1.252469e+01
6.324324e+03	6.250457e+01	1.250091e+01
6.330330e+03	6.238602e+01	1.247720e+01
6.336336e+03	6.226781e+01	1.245356e+01
6.342342e+03	6.214993e+01	1.242999e+01
6.348348e+03	6.203239e+01	1.240648e+01
6.354354e+03	6.191518e+01	1.238304e+01
6.360360e+03	6.179831e+01	1.235966e+01
6.366366e+03	6.168176e+01	1.233635e+01
6.372372e+03	6.156554e+01	1.231311e+01
6.378378e+03	6.144966e+01	1.228993e+01
6.384384e+03	6.133409e+01	1.226682e+01
6.390390e+03	6.121886e+01	1.224377e+01
6.396396e+03	6.110395e+01	1.222079e+01
6.402402e+03	6.098936e+01	1.219787e+01
6.408408e+03	6.087509e+01	1.217502e+01
6.414414e+03	6.076115e+01	1.215223e+01
6.420420e+03	6.064752e+01	1.212950e+01
6.426426e+03	6.053422e+01	1.210684e+01
6.432432e+03	6.042123e+01	1.208425e+01
6.438438e+03	6.030855e+01	1.206171e+01
6.444444e+03	6.019620e+01	1.203924e+01
6.450450e+03	6.008415e+01	1.201683e+01
6.456456e+03	5.997242e+01	1.199448e+01
6.462462e+03	5.986100e+01	1.197220e+01
6.468468e+03	5.974989e+01	1.194998e+01
6.474474e+03	5.963908e+01	1.192782e+01
6.480480e+03	5.952859e+01	1.190572e+01
6.486486e+03	5.941840e+01	1.188368e+01
6.492492e+03	5.930852e+01	1.186170e+01
6.498498e+03	5.919894e+01	1.183979e+01
6.504505e+03	5.908967e+01	1.181793e+01
6.510511e+03	5.898070e+01	1.179614e+01
6.516517e+03	5.887203e+01	1.177441e+01
6.522523e+03	5.876366e+01	1.175273e+01
6.528529e+03	5.865559e+01	1.173112e+01
6.534535e+03	5.854782e+01	1.170956e+01
6.540541e+03	5.844034e+01	1.168807e+01
6.546547e+03	5.833316e+01	1.166663e+01
6.552553e+03	5.822627e+01	1.164525e+01
6.558559e+03	5.811968e+01	1.162394e+01
6.564565e+03	5.801338e+01	1.160268e+01
6.570571e+03	5.790737e+01	1.158147e+01
6.576577e+03	5.780165e+01	1.156033e+01
6.582583e+03	5.769622e+01	1.153924e+01
6.588589e+03	5.759108e+01	1.151822e+01
6.594595e+03	5.748623e+01	1.149725e+01
6.600601e+03	5.738166e+01	1.147633e+01
6.606607e+03	5.727738e+01	1.145548e+01
6.612613e+03	5.717338e+01	1.143468e+01
6.618619e+03	5.706966e+01	1.141393e+01
6.624625e+03	5.696623e+01	1.139325e+01
6.630631e+03	5.686307e+01	1.137261e+01
6.636637e+03	5.676020e+01	1.135204e+01
6.642643e+03	5.665761e+01	1.133152e+01
6.648649e+03	5.655529e+01	1.131106e+01
6.654655e+03	5.645325e+01	1.129065e+01
6.660661e+03	5.635149e+01	1.127030e+01
6.666667e+03	5.625000e+01	1.125000e+01
6.672673e+03	5.614879e+01	1.122976e+01
6.678679e+03	5.604784e+01	1.120957e+01
6.684685e+03	5.594717e+01	1.118943e+01
6.690691e+03	5.584678e+01	1.116936e+01
6.696697e+03	5.574665e+01	1.114933e+01
6.702703e+03	5.564679e+01	1.112936e+01
6.708709e+03	5.554720e+01	1.110944e+01
6.714715e+03	5.544787e+01	1.108957e+01
6.720721e+03	5.534881e+01	1.106976e+01
6.726727e+03	5.525002e+01	1.105000e+01
6.732733e+03	5.515149e+01	1.103030e+01
6.738739e+03	5.505323e+01	1.101065e+01
6.744745e+03	5.495522e+01	1.099104e+01
6.750751e+03	5.485748e+01	1.097150e+01
6.756757e+03	5.476000e+01	1.095200e+01
6.762763e+03	5.466278e+01	1.093256e+01
6.768769e+03	5.456582e+01	1.091316e+01
6.774775e+03	5.446911e+01	1.089382e+01
6.780781e+03	5.437266e+01	1.087453e+01
6.786787e+03	5.427647e+01	1.085529e+01
6.792793e+03	5.418053e+01	1.083611e+01
6.798799e+03	5.408485e+01	1.081697e+01
6.804805e+03	5.398942e+01	1.079788e+01
6.810811e+03	5.389424e+01	1.077885e+01
6.816817e+03	5.379932e+01	1.075986e+01
6.822823e+03	5.370464e+01	1.074093e+01
6.828829e+03	5.361022e+01	1.072204e+01
6.834835e+03	5.351604e+01	1.070321e+01
6.840841e+03	5.342211e+01	1.068442e+01
6.846847e+03	5.332843e+01	1.066569e+01
6.852853e+03	5.323499e+01	1.064700e+01
6.858859e+03	5.314180e+01	1.062836e+01
6.864865e+03	5.304886e+01	1.060977e+01
6.870871e+03	5.295615e+01	1.059123e+01
6.876877e+03	5.286369e+01	1.057274e+01
6.882883e+03	5.277148e+01	1.055430e+01
6.888889e+03	5.267950e+01	1.053590e+01
6.894895e+03	5.258776e+01	1.051755e+01
6.900901e+03	5.249627e+01	1.049925e+01
6.906907e+03	5.240501e+01	1.048100e+01
6.912913e+03	5.231399e+01	1.046280e+01
6.918919e+03	5.222321e+01	1.044464e+01
6.924925e+03	5.213266e+01	1.042653e+01
6.930931e+03	5.204235e+01	1.040847e+01
6.936937e+03	5.195227e+01	1.039045e+01
6.942943e+03	5.186242e+01	1.037248e+01
6.948949e+03	5.177281e+01	1.035456e+01
6.954955e+03	5.168343e+01	1.033669e+01
6.960961e+03	5.159429e+01	1.031886e+01
6.966967e+03	5.150537e+01	1.030107e+01
6.972973e+03	5.141668e+01	1.028334e+01
6.978979e+03	5.132822e+01	1.026564e+01
6.984985e+03	5.123999e+01	1.024800e+01
6.990991e+03	5.115199e+01	1.023040e+01
6.996997e+03	5.106421e+01	1.021284e+01
7.003003e+03	5.097666e+01	1.019533e+01
7.009009e+03	5.088933e+01	1.017787e+01
7.015015e+03	5.080223e+01	1.016045e+01
7.021021e+03	5.071535e+01	1.014307e+01
7.027027e+03	5.062870e+01	1.012574e+01
7.033033e+03	5.054226e+01	1.010845e+01
7.039039e+03	5.045605e+01	1.009121e+01
7.045045e+03	5.037006e+01	1.007401e+01
7.051051e+03	5.028429e+01	1.005686e+01
7.057057e+03	5.019873e+01	1.003975e+01
7.063063e+03	5.011340e+01	1.002268e+01
7.069069e+03	5.002828e+01	1.000566e+01
7.075075e+03	4.994338e+01	9.988675e+00
7.081081e+03	4.985869e+01	9.971738e+00
7.087087e+03	4.977422e+01	9.954844e+00
7.093093e+03	4.968996e+01	9.937993e+00
7.099099e+03	4.960592e+01	9.921185e+00
7.105105e+03	4.952209e+01	9.904419e+00
7.111111e+03	4.943848e+01	9.887695e+00
7.117117e+03	4.935507e+01	9.871014e+00
7.123123e+03	4.927188e+01	9.854375e+00
7.129129e+03	4.918889e+01	9.837779e+00
7.135135e+03	4.910612e+01	9.821224e+00
7.141141e+03	4.902355e+01	9.804710e+00
7.147147e+03	4.894119e+01	9.788239e+00
7.153153e+03	4.885904e+01	9.771809e+00
7.159159e+03	4.877710e+01	9.755420e+00
7.165165e+03	4.869543e+01	9.739085e+00
7.171171e+03	4.861523e+01	9.723046e+00
7.177177e+03	4.855355e+01	9.710710e+00
7.183183e+03	4.867196e+01	9.734392e+00
7.189189e+03	4.998222e+01	9.996445e+00
7.195195e+03	5.650035e+01	1.130007e+01
7.201201e+03	7.736936e+01	1.547387e+01
7.207207e+03	1.203301e+02	2.406603e+01
7.213213e+03	1.726839e+02	3.453678e+01
7.219219e+03	1.979640e+02	3.959280e+01
7.225225e+03	1.737396e+02	3.474791e+01
7.231231e+03	1.214258e+02	2.428515e+01
7.237237e+03	7.775180e+01	1.555036e+01
7.243243e+03	5.618676e+01	1.123735e+01
7.249249e+03	4.926417e+01	9.852834e+00
7.255255e+03	4.772735e+01	9.545471e+00
7.261261e+03	4.743754e+01	9.487508e+00
7.267267e+03	4.733819e+01	9.467637e+00
7.273273e+03	4.725860e+01	9.451720e+00
7.279279e+03	4.718058e+01	9.436116e+00
7.285285e+03	4.710282e+01	9.420563e+00
7.291291e+03	4.702525e+01	9.405050e+00
7.297297e+03	4.694787e+01	9.389575e+00
7.303303e+03	4.687069e+01	9.374138e+00
7.309309e+03	4.679369e+01	9.358739e+00
7.315315e+03	4.671689e+01	9.343378e+00
7.321321e+03	4.664027e+01	9.328054e+00
7.327327e+03	4.656384e+01	9.312769e+00
7.333333e+03	4.648760e+01	9.297521e+00
7.339339e+03	4.641155e+01	9.282310e+00
7.345345e+03	4.633568e+01	9.267137e+00
7.351351e+03	4.626000e+01	9.252000e+00
7.357357e+03	4.618451e+01	9.236901e+00
7.363363e+03	4.610920e+01	9.221839e+00
7.369369e+03	4.603407e+01	9.206814e+00
7.375375e+03	4.595912e+01	9.191825e+00
7.381381e+03	4.588436e+01	9.176873e+00
7.387387e+03	4.580979e+01	9.161957e+00
7.393393e+03	4.573539e+01	9.147078e+00
7.399399e+03	4.566117e+01	9.132235e+00
7.405405e+03	4.558714e+01	9.117428e+00
7.411411e+03	4.551328e+01	9.102657e+00
7.417417e+03	4.543961e+01	9.087921e+00
7.423423e+03	4.536611e+01	9.073222e+00
7.429429e+03	4.529279e+01	9.058558e+00
7.435435e+03	4.521965e+01	9.043930e+00
7.441441e+03	4.514669e+01	9.029337e+00
7.447447e+03	4.507390e+01	9.014780e+00
7.453453e+03	4.500129e+01	9.000257e+00
7.459459e+03	4.492885e+01	8.985770e+00
7.465465e+03	4.485659e+01	8.971317e+00
7.471471e+03	4.478450e+01	8.956900e+00
7.477477e+03	4.471259e+01	8.942517e+00
7.483483e+03	4.464084e+01	8.928169e+00
7.489489e+03	4.456928e+01	8.913855e+00
7.495495e+03	4.449788e+01	8.899576e+00
7.501502e+03	4.442665e+01	8.885331e+00
7.507508e+03	4.435560e+01	8.871120e+00
7.513514e+03	4.428472e+01	8.856943e+00
7.519520e+03	4.421400e+01	8.842800e+00
7.525526e+03	4.414346e+01	8.828691e+00
7.531532e+03	4.407308e+01	8.814616e+00
7.537538e+03	4.400287e+01	8.800575e+00
7.543544e+03	4.393283e+01	8.786567e+00
7.549550e+03	4.386296e+01	8.772592e+00
7.555556e+03	4.379325e+01	8.758651e+00
7.561562e+03	4.372371e+01	8.744742e+00
7.567568e+03	4.365434e+01	8.730867e+00
7.573574e+03	4.358513e+01	8.717025e+00
7.579580e+03	4.351608e+01	8.703216e+00
7.585586e+03	4.344720e+01	8.689440e+00
7.591592e+03	4.337848e+01	8.675696e+00
7.597598e+03	4.330993e+01	8.661985e+00
7.603604e+03	4.324153e+01	8.648306e+00
7.609610e+03	4.317330e+01	8.634660e+00
7.615616e+03	4.310523e+01	8.621046e+00
7.621622e+03	4.303732e+01	8.607464e+00
7.627628e+03	4.296957e+01	8.593915e+00
7.633634e+03	4.290198e+01	8.580397e+00
7.639640e+03	4.283456e+01	8.566911e+00
7.645646e+03	4.276728e+01	8.553457e+00
7.651652e+03	4.270017e+01	8.540034e+00
7.657658e+03	4.263322e+01	8.526644e+00
7.663664e+03	4.256642e+01	8.513284e+00
7.669670e+03	4.249978e+01	8.499956e+00
7.675676e+03	4.243330e+01	8.486659e+00
7.681682e+03	4.236697e+01	8.473394e+00
7.687688e+03	4.230080e+01	8.460159e+00
7.693694e+03	4.223478e+01	8.446956e+00
7.699700e+03	4.216892e+01	8.433783e+00
7.705706e+03	4.210321e+01	8.420641e+00
7.711712e+03	4.203765e+01	8.407530e+00
7.717718e+03	4.197225e+01	8.394450e+00
7.723724e+03	4.190700e+01	8.381400e+00
7.729730e+03	4.184190e+01	8.368380e+00
7.735736e+03	4.177695e+01	8.355391e+00
7.741742e+03	4.171216e+01	8.342431e+00
7.747748e+03	4.164751e+01	8.329502e+00
7.753754e+03	4.158302e+01	8.316603e+00
7.759760e+03	4.151867e+01	8.303734e+00
7.765766e+03	4.145448e+01	8.290895e+00
7.771772e+03	4.139043e+01	8.278086e+00
7.777778e+03	4.132653e+01	8.265306e+00
7.783784e+03	4.126278e+01	8.252556e+00
7.789790e+03	4.119918e+01	8.239835e+00
7.795796e+03	4.113572e+01	8.227144e+00
7.801802e+03	4.107241e+01	8.214482e+00
7.807808e+03	4.100925e+01	8.201849e+00
7.813814e+03	4.094623e+01	8.189245e+00
7.819820e+03	4.088335e+01	8.176671e+00
7.825826e+03	4.082063e+01	8.164125e+00
7.831832e+03	4.075804e+01	8.151608e+00
7.837838e+03	4.069560e+01	8.139120e+00
7.843844e+03	4.063330e+01	8.126661e+00
7.849850e+03	4.057115e+01	8.114230e+00
7.855856e+03	4.050914e+01	8.101827e+00
7.861862e+03	4.044727e+01	8.089454e+00
7.867868e+03	4.038554e+01	8.077108e+00
7.873874e+03	4.032395e+01	8.064791e+00
7.879880e+03	4.026251e+01	8.052501e+00
7.885886e+03	4.020120e+01	8.040240e+00
7.891892e+03	4.014004e+01	8.028007e+00
7.897898e+03	4.007901e+01	8.015802e+00
7.903904e+03	4.001812e+01	8.003624e+00
7.909910e+03	3.995737e+01	7.991475e+00
7.915916e+03	3.989676e+01	7.979353e+00
7.921922e+03	3.983629e+01	7.967258e+00
7.927928e+03	3.977596e+01	7.955191e+00
7.933934e+03	3.971576e+01	7.943151e+00
7.939940e+03	3.965570e+01	7.931139e+00
7.945946e+03	3.959577e+01	7.919154e+00
7.951952e+03	3.953598e+01	7.907196e+00
7.957958e+03	3.947633e+01	7.895265e+00
7.963964e+03	3.941681e+01	7.883361e+00
7.969970e+03	3.935742e+01	7.871484e+00
7.975976e+03	3.929817e+01	7.859634e+00
7.981982e+03	3.923905e+01	7.847811e+00
7.987988e+03	3.918007e+01	7.836014e+00
7.993994e+03	3.912122e+01	7.824244e+00
8.000000e+03	3.906250e+01	7.812500e+00
8.006006e+03	3.900391e+01	7.800783e+00
8.012012e+03	3.894546e+01	7.789092e+00
8.018018e+03	3.888714e+01	7.777427e+00
8.024024e+03	3.882894e+01	7.765789e+00
8.030030e+03	3.877088e+01	7.754176e+00
8.036036e+03	3.871295e+01	7.742590e+00
8.042042e+03	3.865515e+01	7.731029e+00
8.048048e+03	3.859747e+01	7.719495e+00
8.054054e+03	3.853993e+01	7.707986e+00
8.060060e+03	3.848252e+01	7.696503e+00
8.066066e+03	3.842523e+01	7.685046e+00
8.072072e+03	3.836807e+01	7.673614e+00
8.078078e+03	3.831104e+01	7.662208e+00
8.084084e+03	3.825413e+01	7.650827e+00
8.090090e+03	3.819736e+01	7.639471e+00
8.096096e+03	3.814070e+01	7.628141e+00
8.102102e+03	3.808418e+01	7.616836e+00
8.108108e+03	3.802778e+01	7.605556e+00
8.114114e+03	3.797150e+01	7.594301e+00
8.120120e+03	3.791535e+01	7.583071e+00
8.126126e+03	3.785933e+01	7.571865e+00
8.132132e+03	3.780343e+01	7.560685e+00
8.138138e+03	3.774765e+01	7.549530e+00
8.144144e+03	3.769199e+01	7.538399e+00
8.150150e+03	3.763646e+01	7.527292e+00
8.156156e+03	3.758105e+01	7.516211e+00
8.162162e+03	3.752577e+01	7.505153e+00
8.168168e+03	3.747060e+01	7.494120e+00
8.174174e+03	3.741556e+01	7.483112e+00
8.180180e+03	3.736064e+01	7.472127e+00
8.186186e+03	3.730584e+01	7.461167e+00
8.192192e+03	3.725116e+01	7.450231e+00
8.198198e+03	3.719659e+01	7.439319e+00
8.204204e+03	3.714215e+01	7.428431e+00
8.210210e+03	3.708783e+01	7.417567e+00
8.216216e+03	3.703363e+01	7.406726e+00
8.222222e+03	3.697955e+01	7.395909e+00
8.228228e+03	3.692558e+01	7.385116e+00
8.234234e+03	3.687174e+01	7.374347e+00
8.240240e+03	3.681801e+01	7.363601e+00
8.246246e+03	3.676439e+01	7.352879e+00
8.252252e+03	3.671090e+01	7.342180e+00
8.258258e+03	3.665752e+01	7.331504e+00
8.264264e+03	3.660426e+01	7.320852e+00
8.270270e+03	3.655111e+01	7.310223e+00
8.276276e+03	3.649808e+01	7.299617e+00
8.282282e+03	3.644517e+01	7.289034e+00
8.288288e+03	3.639237e+01	7.278474e+00
8.294294e+03	3.633968e+01	7.267936e+00
8.300300e+03	3.628711e+01	7.257422e+00
8.306306e+03	3.623465e+01	7.246931e+00
8.312312e+03	3.618231e+01	7.236462e+00
8.318318e+03	3.613008e+01	7.226016e+00
8.324324e+03	3.607796e+01	7.215593e+00
8.330330e+03	3.602596e+01	7.205192e+00
8.336336e+03	3.597407e+01	7.194814e+00
8.342342e+03	3.592229e+01	7.184458e+00
8.348348e+03	3.587062e+01	7.174124e+00
8.354354e+03	3.581906e+01	7.163813e+00
8.360360e+03	3.576762e+01	7.153524e+00
8.366366e+03	3.571628e+01	7.143257e+00
8.372372e+03	3.566506e+01	7.133012e+00
8.378378e+03	3.561394e+01	7.122789e+00
8.384384e+03	3.556294e+01	7.112588e+00
8.390390e+03	3.551204e+01	7.102409e+00
8.396396e+03	3.546126e+01	7.092252e+00
8.402402e+03	3.541058e+01	7.082116e+00
8.408408e+03	3.536001e+01	7.072003e+00
8.414414e+03	3.530955e+01	7.061911e+00
8.420420e+03	3.525920e+01	7.051840e+00
8.426426e+03	3.520896e+01	7.041791e+00
8.432432e+03	3.515882e+01	7.031764e+00
8.438438e+03	3.510879e+01	7.021758e+00
8.444444e+03	3.505886e+01	7.011773e+00
8.450450e+03	3.500905e+01	7.001809e+00
8.456456e+03	3.495934e+01	6.991867e+00
8.462462e+03	3.490973e+01	6.981946e+00
8.468468e+03	3.486023e+01	6.972046e+00
8.474474e+03	3.481084e+01	6.962167e+00
8.480480e+03	3.476155e+01	6.952309e+00
8.486486e+03	3.471236e+01	6.942472e+00
8.492492e+03	3.466328e+01	6.932656e+00
8.498498e+03	3.461430e+01	6.922861e+00
8.504505e+03	3.456543e+01	6.913086e+00
8.510511e+03	3.451666e+01	6.903332e+00
8.516517e+03	3.446800e+01	6.893599e+00
8.522523e+03	3.441943e+01	6.883886e+00
8.528529e+03	3.437097e+01	6.874194e+00
8.534535e+03	3.432261e+01	6.864522e+00
8.540541e+03	3.427436e+01	6.854871e+00
8.546547e+03	3.422620e+01	6.845240e+00
8.552553e+03	3.417815e+01	6.835629e+00
8.558559e+03	3.413019e+01	6.826039e+00
8.564565e+03	3.408234e+01	6.816468e+00
8.570571e+03	3.403459e+01	6.806918e+00
8.576577e+03	3.398694e+01	6.797388e+00
8.582583e+03	3.393939e+01	6.787878e+00
8.588589e+03	3.389194e+01	6.778388e+00
8.594595e+03	3.384459e+01	6.768917e+00
8.600601e+03	3.379733e+01	6.759467e+00
8.606607e+03	3.375018e+01	6.750036e+00
8.612613e+03	3.370313e+01	6.740625e+00
8.618619e+03	3.365617e+01	6.731234e+00
8.624625e+03	3.360931e+01	6.721862e+00
8.630631e+03	3.356255e+01	6.712510e+00
8.636637e+03	3.351589e+01	6.703177e+00
8.642643e+03	3.346932e+01	6.693864e+00
8.648649e+03	3.342285e+01	6.684570e+00
8.654655e+03	3.337648e+01	6.675296e+00
8.660661e+03	3.333020e+01	6.666041e+00
8.666667e+03	3.328402e+01	6.656805e+00
8.672673e+03	3.323794e+01	6.647588e+00
8.678679e+03	3.319195e+01	6.638390e+00
8.684685e+03	3.314606e+01	6.629212e+00
8.690691e+03	3.310026e+01	6.620052e+00
8.696697e+03	3.305456e+01	6.610912e+00
8.702703e+03	3.300895e+01	6.601790e+00
8.708709e+03	3.296344e+01	6.592687e+00
8.714715e+03	3.291802e+01	6.583603e+00
8.720721e+03	3.287269e+01	6.574538e+00
8.726727e+03	3.282746e+01	6.565492e+00
8.732733e+03	3.278232e+01	6.556464e+00
8.738739e+03	3.273727e+01	6.547455e+00
8.744745e+03	3.269232e+01	6.538464e+00
8.750751e+03	3.264746e+01	6.529492e+00
8.756757e+03	3.260269e+01	6.520538e+00
8.762763e+03	3.255801e+01	6.511603e+00
8.768769e+03	3.251343e+01	6.502686e+00
8.774775e+03	3.246894e+01	6.493787e+00
8.780781e+03	3.242453e+01	6.484907e+00
8.786787e+03	3.238022e+01	6.476045e+00
8.792793e+03	3.233600e+01	6.467201e+00
8.798799e+03	3.229187e+01	6.458375e+00
8.804805e+03	3.224783e+01	6.449567e+00
8.810811e+03	3.220388e+01	6.440777e+00
8.816817e+03	3.216002e+01	6.432005e+00
8.822823e+03	3.211625e+01	6.423251e+00
8.828829e+03	3.207257e+01	6.414515e+00
8.834835e+03	3.202898e+01	6.405796e+00
8.840841e+03	3.198548e+01	6.397096e+00
8.846847e+03	3.194207e+01	6.388413e+00
8.852853e+03	3.189874e+01	6.379748e+00
8.858859e+03	3.185550e+01	6.371100e+00
8.864865e+03	3.181235e+01	6.362470e+00
8.870871e+03	3.176929e+01	6.353858e+00
8.876877e+03	3.172631e+01	6.345263e+00
8.882883e+03	3.168343e+01	6.336685e+00
8.888889e+03	3.164063e+01	6.328125e+00
8.894895e+03	3.159791e+01	6.319582e+00
8.900901e+03	3.155528e+01	6.311057e+00
8.906907e+03	3.151274e+01	6.302548e+00
8.912913e+03	3.147029e+01	6.294057e+00
8.918919e+03	3.142792e+01	6.285583e+00
8.924925e+03	3.138563e+01	6.277126e+00
8.930931e+03	3.134343e+01	6.268686e+00
8.936937e+03	3.130132e+01	6.260264e+00
8.942943e+03	3.125929e+01	6.251858e+00
8.948949e+03	3.121734e+01	6.243469e+00
8.954955e+03	3.117548e+01	6.235097e+00
8.960961e+03	3.113371e+01	6.226741e+00
8.966967e+03	3.109202e+01	6.218403e+00
8.972973e+03	3.105041e+01	6.210081e+00
8.978979e+03	3.100888e+01	6.201776e+00
8.984985e+03	3.096744e+01	6.193488e+00
8.990991e+03	3.092608e+01	6.185216e+00
8.996997e+03	3.088480e+01	6.176961e+00
9.003003e+03	3.084361e+01	6.168722e+00
9.009009e+03	3.080250e+01	6.160500e+00
9.015015e+03	3.076147e+01	6.152294e+00
9.021021e+03	3.072052e+01	6.144105e+00
9.027027e+03	3.067966e+01	6.135932e+00
9.033033e+03	3.063887e+01	6.127775e+00
9.039039e+03	3.059817e+01	6.119634e+00
9.045045e+03	3.055755e+01	6.111510e+00
9.051051e+03	3.051701e+01	6.103402e+00
9.057057e+03	3.047655e+01	6.095310e+00
9.063063e+03	3.043617e+01	6.087234e+00
9.069069e+03	3.039587e+01	6.079174e+00
9.075075e+03	3.035565e+01	6.071130e+00
9.081081e+03	3.031551e+01	6.063102e+00
9.087087e+03	3.027545e+01	6.055090e+00
9.093093e+03	3.023547e+01	6.047094e+00
9.099099e+03	3.019557e+01	6.039114e+00
9.105105e+03	3.015575e+01	6.031149e+00
9.111111e+03	3.011600e+01	6.023200e+00
9.117117e+03	3.007634e+01	6.015267e+00
9.123123e+03	3.003675e+01	6.007350e+00
9.129129e+03	2.999724e+01	5.999448e+00
9.135135e+03	2.995781e+01	5.991562e+00
9.141141e+03	2.991846e+01	5.983691e+00
9.147147e+03	2.987918e+01	5.975836e+00
9.153153e+03	2.983998e+01	5.967996e+00
9.159159e+03	2.980086e+01	5.960172e+00
9.165165e+03	2.976182e+01	5.952363e+00
9.171171e+03	2.972285e+01	5.944569e+00
9.177177e+03	2.968396e+01	5.936791e+00
9.183183e+03	2.964514e+01	5.929028e+00
9.189189e+03	2.960640e+01	5.921280e+00
9.195195e+03	2.956774e+01	5.913548e+00
9.201201e+03	2.952915e+01	5.905830e+00
9.207207e+03	2.949064e+01	5.898128e+00
9.213213e+03	2.945220e+01	5.890440e+00
9.219219e+03	2.941384e+01	5.882768e+00
9.225225e+03	2.937555e+01	5.875111e+00
9.231231e+03	2.933734e+01	5.867468e+00
9.237237e+03	2.929920e+01	5.859841e+00
9.243243e+03	2.926114e+01	5.852228e+00
9.249249e+03	2.922315e+01	5.844630e+00
9.255255e+03	2.918524e+01	5.837047e+00
9.261261e+03	2.914739e+01	5.829479e+00
9.267267e+03	2.910963e+01	5.821925e+00
9.273273e+03	2.907193e+01	5.814386e+00
9.279279e+03	2.903431e+01	5.806862e+00
9.285285e+03	2.899676e+01	5.799352e+00
9.291291e+03	2.895929e+01	5.791857e+00
9.297297e+03	2.892188e+01	5.784377e+00
9.303303e+03	2.888455e+01	5.776911e+00
9.309309e+03	2.884729e+01	5.769459e+00
9.315315e+03	2.881011e+01	5.762022e+00
9.321321e+03	2.877299e+01	5.754599e+00
9.327327e+03	2.873595e+01	5.747190e+00
9.333333e+03	2.869898e+01	5.739796e+00
9.339339e+03	2.866208e+01	5.732416e+00
9.345345e+03	2.862525e+01	5.725050e+00
9.351351e+03	2.858849e+01	5.717699e+00
9.357357e+03	2.855181e+01	5.710361e+00
9.363363e+03	2.851519e+01	5.703038e+00
9.369369e+03	2.847864e+01	5.695729e+00
9.375375e+03	2.844217e+01	5.688433e+00
9.381381e+03	2.840576e+01	5.681152e+00
9.387387e+03	2.836942e+01	5.673885e+00
9.393393e+03	2.833316e+01	5.666632e+00
9.399399e+03	2.829696e+01	5.659392e+00
9.405405e+03	2.826083e+01	5.652167e+00
9.411411e+03	2.822478e+01	5.644955e+00
9.417417e+03	2.818879e+01	5.637757e+00
9.423423e+03	2.815286e+01	5.630573e+00
9.429429e+03	2.811701e+01	5.623403e+00
9.435435e+03	2.808123e+01	5.616246e+00
9.441441e+03	2.804551e+01	5.609103e+00
9.447447e+03	2.800987e+01	5.601973e+00
9.453453e+03	2.797429e+01	5.594857e+00
9.459459e+03	2.793878e+01	5.587755e+00
9.465465e+03	2.790333e+01	5.580666e+00
9.471471e+03	2.786795e+01	5.573591e+00
9.477477e+03	2.783265e+01	5.566529e+00
9.483483e+03	2.779740e+01	5.559481e+00
9.489489e+03	2.776223e+01	5.552446e+00
9.495495e+03	2.772712e+01	5.545424e+00
9.501502e+03	2.769208e+01	5.538415e+00
9.507508e+03	2.765710e+01	5.531420e+00
9.513514e+03	2.762219e+01	5.524438e+00
9.519520e+03	2.758735e+01	5.517470e+00
9.525526e+03	2.755257e+01	5.510514e+00
9.531532e+03	2.751786e+01	5.503572e+00
9.537538e+03	2.748321e+01	5.496642e+00
9.543544e+03	2.744863e+01	5.489726e+00
9.549550e+03	2.741412e+01	5.482823e+00
9.555556e+03	2.737966e+01	5.475933e+00
9.561562e+03	2.734528e+01	5.469056e+00
9.567568e+03	2.731096e+01	5.462192e+00
9.573574e+03	2.727670e+01	5.455340e+00
9.579580e+03	2.724251e+01	5.448502e+00
9.585586e+03	2.720838e+01	5.441676e+00
9.591592e+03	2.717432e+01	5.434864e+00
9.597598e+03	2.714032e+01	5.428064e+00
9.603604e+03	2.710638e+01	5.421276e+00
9.609610e+03	2.707251e+01	5.414502e+00
9.615616e+03	2.703870e+01	5.407740e+00
9.621622e+03	2.700496e+01	5.400991e+00
9.627628e+03	2.697127e+01	5.394255e+00
9.633634e+03	2.693765e+01	5.387531e+00
9.639640e+03	2.690410e+01	5.380819e+00
9.645646e+03	2.687060e+01	5.374120e+00
9.651652e+03	2.683717e+01	5.367434e+00
9.657658e+03	2.680380e+01	5.360760e+00
9.663664e+03	2.677049e+01	5.354099e+00
9.669670e+03	2.673725e+01	5.347450e+00
9.675676e+03	2.670407e+01	5.340813e+00
9.681682e+03	2.667095e+01	5.334189e+00
9.687688e+03	2.663789e+01	5.327577e+00
9.693694e+03	2.660489e+01	5.320977e+00
9.699700e+03	2.657195e+01	5.314390e+00
9.705706e+03	2.653907e+01	5.307815e+00
9.711712e+03	2.650626e+01	5.301252e+00
9.717718e+03	2.647351e+01	5.294701e+00
9.723724e+03	2.644081e+01	5.288162e+00
9.729730e+03	2.640818e+01	5.281636e+00
9.735736e+03	2.637561e+01	5.275121e+00
9.741742e+03	2.634309e+01	5.268619e+00
9.747748e+03	2.631064e+01	5.262128e+00
9.753754e+03	2.627825e+01	5.255650e+00
9.759760e+03	2.624592e+01	5.249183e+00
9.765766e+03	2.621364e+01	5.242729e+00
9.771772e+03	2.618143e+01	5.236286e+00
9.777778e+03	2.614928e+01	5.229855e+00
9.783784e+03	2.611718e+01	5.223436e+00
9.789790e+03	2.608515e+01	5.217029e+00
9.795796e+03	2.605317e+01	5.210634e+00
9.801802e+03	2.602125e+01	5.204250e+00
9.807808e+03	2.598939e+01	5.197878e+00
9.813814e+03	2.595759e+01	5.191518e+00
9.819820e+03	2.592585e+01	5.185170e+00
9.825826e+03	2.589416e+01	5.178833e+00
9.831832e+03	2.586254e+01	5.172507e+00
9.837838e+03	2.583097e+01	5.166194e+00
9.843844e+03	2.579946e+01	5.159892e+00
9.849850e+03	2.576800e+01	5.153601e+00
9.855856e+03	2.573661e+01	5.147322e+00
9.861862e+03	2.570527e+01	5.141054e+00
9.867868e+03	2.567399e+01	5.134798e+00
9.873874e+03	2.564277e+01	5.128553e+00
9.879880e+03	2.561160e+01	5.122320e+00
9.885886e+03	2.558049e+01	5.116098e+00
9.891892e+03	2.554943e+01	5.109887e+00
9.897898e+03	2.551844e+01	5.103687e+00
9.903904e+03	2.548750e+01	5.097499e+00
9.909910e+03	2.545661e+01	5.091322e+00
9.915916e+03	2.542578e+01	5.085157e+00
9.921922e+03	2.539501e+01	5.079002e+00
9.927928e+03	2.536429e+01	5.072859e+00
9.933934e+03	2.533363e+01	5.066727e+00
9.939940e+03	2.530303e+01	5.060606e+00
9.945946e+03	2.527248e+01	5.054496e+00
9.951952e+03	2.524198e+01	5.048397e+00
9.957958e+03	2.521154e+01	5.042309e+00
9.963964e+03	2.518116e+01	5.036232e+00
9.969970e+03	2.515083e+01	5.030166e+00
9.975976e+03	2.512055e+01	5.024111e+00
9.981982e+03	2.509033e+01	5.018067e+00
9.987988e+03	2.506017e+01	5.012034e+00
9.993994e+03	2.503006e+01	5.006011e+00
1.000000e+04	2.500000e+01	5.000000e+00
